182.3803 288.2445 332.29 393.6636 402.3461
146.6249 371.8826 243.1655 244.2507 181.0756
313.5587 270.5658 219.8843 177.4344 399.4681
95.45856 273.5745 282.8299 107.6276 301.3735
106.9821 203.6908 78.18441 165.9602 415.0783
387.6173 256.5116 191.7102 390.1933 216.3279
193.6033 220.5056 145.0099 164.1796 354.8707
459.3418 327.362 49.90529 59.41447 231.334
216.8963 185.7771 209.9357 257.1576 271.8895
277.0458 491.5359 235.8879 327.8411 174.763
287.9894 327.2404 310.4662 222.1646 113.9145
188.0312 387.1054 301.1329 282.6174 156.5679
264.8928 318.6568 250.8441 221.8351 314.4729
287.2799 176.7909 237.5548 243.3079 276.5317
203.5095 373.7529 225.7831 340.9527 400.8243
193.373 121.3862 252.8782 166.6313 178.8344
127.3486 277.094 347.2015 117.0318 220.5191
140.6544 395.5916 246.4663 211.0193 358.8922
319.0436 149.8148 254.4431 298.8801 244.9328
206.4873 239.7632 367.0282 328.9248 103.5354
142.1145 78.47165 316.4283 306.5638 285.778
213.9287 371.1507 67.22375 422.7077 258.4392
240.4703 144.2519 181.6271 114.6421 470.4623
280.2368 232.0054 209.1204 144.6072 186.2929
201.3696 349.1148 318.8244 302.327 301.8786
241.3474 256.8612 80.98681 357.3864 86.59397
477.4817 292.1924 277.2379 234.6821 51.33759
220.3785 142.2059 183.857 167.4257 250.9453
282.6376 302.4809 223.5057 297.3487 271.9837
175.8954 192.5395 132.435 321.2652 128.1832
232.129 233.1193 455.6775 171.9707 140.8895
262.4473 204.3028 122.2592 419.4994 316.9087
423.5129 222.7558 207.8607 96.396 292.6227
91.20775 471.2391 105.7364 142.4872 198.6849
219.9253 117.1573 160.5606 106.4269 365.3218
274.1996 356.3424 141.6299 96.57848 167.3029
86.76594 179.4183 246.0489 124.9417 139.2823
294.4515 241.6371 223.8598 268.2334 183.5809
233.4465 271.8972 132.2704 52.94733 49.69312
270.4181 213.4895 309.9755 375.4431 361.8657
36.23784 190.2143 203.6433 368.7335 207.1729
161.8424 336.6771 400.7556 266.7362 77.16102
173.8652 33.12736 289.4851 404.9165 417.1721
192.1374 268.7777 128.22 292.5509 140.0695
205.3028 258.4483 439.5632 313.6286 154.9424
247.4598 404.9063 173.314 151.422 60.61022
322.2529 303.6713 328.7103 175.8971 184.9128
299.782 319.2854 220.6713 118.4506 181.6335
356.2127 153.32 162.9148 274.7974 363.1753
78.86668 163.5114 63.15842 438.6105 364.3125
204.3195 368.3322 103.2788 214.7883 318.7195
324.943 302.3224 106.5467 95.09425 190.1422
75.84118 168.1846 226.8667 91.36261 188.3569
181.4733 166.9933 515.6115 383.6217 172.5347
239.4363 193.3785 367.0643 82.52604 213.1173
95.7668 252.8696 390.2225 314.9562 25.7242
151.4873 313.1076 234.4884 222.0872 255.0091
189.7783 230.7097 167.2887 262.757 99.59889
302.4119 181.7893 344.4552 97.02179 165.5634
226.3816 192.0951 235.0728 240.7884 243.3818
235.7099 353.6515 208.8413 201.8859 333.4566
301.2677 455.356 203.1301 187.6141 384.6802
266.3524 162.5989 368.8533 353.1293 319.0954
152.9994 298.6965 295.4827 221.3308 165.3459
301.2018 107.0967 181.0739 113.4663 266.7134
372.8821 440.7926 292.0655 324 148.7152
465.7055 114.5422 126.0595 335.1365 178.944
238.9681 232.6348 321.3963 287.9748 321.2343
135.6961 252.0605 75.87217 426.8933 237.0078
358.2001 330.0741 201.2415 244.0491 358.4159
255.5656 255.3112 75.97894 141.5974 249.3483
109.5307 225.119 169.3299 225.9914 371.5143
390.944 309.8869 101.9001 216.0924 251.5267
337.7649 335.5836 256.6319 343.6593 145.452
138.5591 264.9136 336.6256 168.9887 287.115
105.3741 152.1793 251.8865 258.308 305.3113
196.5554 235.9689 259.8559 125.4869 239.5542
294.7333 207.8053 392.6043 392.8536 429.4905
202.9183 351.4334 70.2855 322.4682 125.1974
166.9157 222.6601 321.9959 257.3645 166.6634
203.1512 373.3901 155.4829 169.8812 336.684
391.8463 377.0166 202.9974 437.2034 422.8067
350.25 63.55996 234.1992 139.3807 220.4608
323.8561 191.8203 479.9556 267.5215 370.0539
51.13799 131.3709 134.7459 131.7417 411.3326
447.5978 345.1306 372.6557 207.5942 106.8172
63.16311 58.71302 240.2962 429.0365 407.3713
373.2749 253.8414 177.3416 217.642 231.2131
389.1044 152.4688 177.7641 202.225 158.1398
222.0616 71.141 102.9095 238.3225 244.545
234.4855 214.9924 297.9996 448.46 174.575
331.0406 30.63493 236.8668 56.924 82.84973
343.5363 183.0444 272.2788 222.9247 249.2043
271.9965 139.2056 151.0833 186.7316 255.9191
127.4158 218.1641 256.8391 171.1612 179.9391
269.615 251.6617 71.44362 120.6666 303.1828
343.0646 216.3339 252.7063 243.8517 280.8117
339.7535 301.7061 173.2687 276.6387 220.9461
311.5958 82.51987 139.4325 62.64961 413.9352
352.3055 327.8927 168.8802 319.8876 206.0407
78.84972 267.4027 247.7111 365.7935 242.0655
83.32162 403.2954 127.9246 354.0146 47.30897
408.0285 143.0717 177.7623 246.0861 66.51781
272.781 222.5785 198.7921 142.0598 187.4382
248.3419 247.2348 352.4845 246.7308 301.1646
412.1012 209.3849 101.1371 71.95884 223.5886
349.4705 452.1389 274.1891 194.6579 165.5507
283.9661 392.9459 200.451 345.165 350.4296
411.3533 314.0152 218.5712 247.188 263.623
205.7599 235.7469 492.8306 85.40749 312.7826
143.7423 278.2617 105.1419 72.22706 257.1605
110.3399 98.82149 277.5623 210.1091 423.7937
372.5163 303.7606 189.0146 190.1092 183.8595
219.3605 252.997 204.6411 533.5405 346.4557
400.5035 25.6542 25 234.8747 177.3097
135.9565 128.079 276.2591 150.8367 252.5276
75.82088 289.8649 97.05927 202.2792 58.86285
329.864 144.086 364.6485 85.3463 221.6931
124.1288 117.0938 201.5456 426.6144 135.561
188.6793 263.7511 166.2455 254.8757 325.5278
345.3869 237.9466 206.531 198.3413 398.4237
133.6399 107.4114 180.518 536.4745 270.5558
192.9677 132.8703 356.5623 131.5022 374.2403
324.7168 268.9579 285.5433 220.0707 160.1198
114.4036 65.05872 330.8306 192.7791 275.8465
217.1348 324.1414 215.2626 228.3487 201.2125
236.6337 108.9754 367.4769 355.3492 102.7825
186.2285 214.3359 394.36 244.5735 243.9915
113.2328 120.8057 438.6694 237.7805 238.3562
100.0084 451.0008 314.7877 319.7874 236.1253
285.5979 225.5874 519.4761 253.5113 294.135
178.715 240.7465 190.2335 419.9103 219.3975
412.8138 113.0634 368.2602 121.6286 232.4838
345.4093 203.9648 72.73823 123.988 339.3459
346.4562 229.6351 363.5997 194.2251 315.9281
171.9151 235.8708 245.49 194.8044 327.9799
211.4749 140.3834 444.9586 117.4225 294.7223
275.6583 123.1229 227.287 269.1381 289.1509
262.7584 375.0695 188.5492 357.6585 205.4501
165.6806 248.8099 151.8206 287.772 289.4904
363.2403 251.8701 368.27 103.0882 268.2424
264.1116 200.1198 337.4743 221.1665 91.99724
172.6558 387.4884 195.7281 94.61372 110.0768
136.5047 111.9605 293.5697 268.5941 411.4455
399.699 58.11784 175.5914 142.49 296.439
291.9796 178.1136 213.8535 291.7324 207.6341
71.66851 229.6977 147.4118 376.2817 197.7394
161.2397 165.4506 214.1762 183.2002 316.5658
182.3887 502.833 378.8375 265.8938 235.277
350.9382 179.4606 161.8046 400.1512 404.5216
361.1904 239.7963 66.83101 196.0635 106.9086
453.258 383.5622 67.12637 164.1317 392.8489
150.3972 277.2892 172.7589 262.8067 229.2207
186.4712 246.5011 247.9443 253.6975 409.5148
292.7836 313.8292 120.9387 541.9198 234.5815
329.2335 343.5469 417.0076 434.6798 328.9564
141.0364 316.9046 221.8137 276.8065 379.9918
367.2962 155.3713 148.9781 168.8213 76.3475
236.3266 270.993 350.3545 297.5577 206.528
239.0251 308.5662 206.0073 407.5038 264.8519
135.1876 211.3786 319.7683 194.4775 262.6973
267.9192 288.13 399.1478 416.7782 221.5964
107.5784 269.9354 185.0201 384.7144 78.0341
151.172 133.6342 230.9359 124.093 162.1236
94.09618 44.10845 203.5322 174.7114 82.47079
294.9733 258.7542 174.2772 277.9938 420.777
244.3597 210.9598 194.4109 152.8491 199.0558
381.748 130.4013 315.0884 79.56387 87.42921
352.6454 195.6585 114.9685 374.3551 266.9587
375.3053 72.13027 96.02204 369.2607 185.5646
439.0527 148.9497 397.7045 255.6213 348.5766
182.072 112.0979 335.4045 441.4403 59.84383
41.90927 275.3611 233.5251 218.3173 254.868
97.78098 108.9651 238.7904 389.6053 346.973
339.1501 403.9107 293.4046 95.78094 118.5377
126.7827 99.74678 203.1667 485.4158 170.287
54.93131 104.5953 192.7123 176.5213 244.6668
245.7875 519.4188 97.7446 246.8208 80.5879
274.1498 110.0114 199.3944 458.9943 190.5879
287.2632 267.8868 138.2146 163.5527 116.9292
426.7548 186.3716 215.0305 88.28304 75.93161
286.9818 94.64811 253.9238 164.886 92.28389
464.5692 172.5578 131.7967 266.5728 249.8649
319.6121 47.37407 499.1037 103.2071 263.8831
235.6185 167.7686 312.5572 415.618 143.101
156.1139 264.8049 301.413 192.7952 297.8552
38.79958 78.69841 153.1931 256.1432 364.4162
474.9923 107.0571 233.1509 327.3369 101.4305
216.555 193.4449 184.7339 314.3374 313.7514
148.8892 293.1575 152.8169 199.9551 100.1861
190.374 38.45202 415.7137 364.1673 264.2038
264.8155 300.2723 267.6337 335.1571 262.0781
73.02709 154.464 177.4232 272.1549 84.35992
358.259 237.0062 363.9614 130.7759 201.1769
342.5279 94.33195 254.9899 332.2179 242.0799
191.2257 174.9825 325.226 122.6824 273.7517
262.6911 301.3859 75.22493 165.3079 259.5146
239.2091 178.3013 229.4387 284.626 134.1856
355.0748 118.2675 119.6778 199.686 133.6204
242.0732 238.6123 170.5903 448.3369 99.12604
