1 39 209
0 37 200
1 31 194
0 53 207
0 42 204
0 44 202
0 63 203
0 47 209
0 41 195
0 25 181
1 45 198
0 45 213
0 39 190
0 56 204
0 60 216
0 54 228
1 39 199
0 63 218
0 36 202
0 41 207
1 31 180
0 32 171
1 33 180
0 42 202
0 54 217
0 60 257
0 40 207
0 50 221
0 50 221
0 29 186
0 57 227
1 30 186
0 41 197
0 24 171
0 51 236
0 61 220
0 62 217
1 35 165
0 26 169
0 46 192
0 44 213
1 37 223
1 25 182
0 55 211
1 39 201
0 51 218
0 61 207
0 38 212
0 38 205
0 57 212
0 33 188
0 58 220
0 32 163
0 26 178
0 61 245
0 52 203
0 49 180
1 32 197
1 30 187
0 51 184
0 52 209
1 41 198
0 41 191
0 57 213
0 55 242
1 38 204
0 48 205
0 43 205
0 24 161
0 33 184
0 30 194
0 58 222
0 44 200
0 49 206
0 34 186
0 63 222
0 57 241
0 37 215
0 36 173
0 56 216
1 41 182
0 43 194
1 33 202
0 27 181
1 44 221
0 59 210
1 52 204
0 33 189
0 55 217
0 60 217
0 49 197
1 24 145
0 59 228
0 30 180
0 55 221
0 42 202
0 59 219
1 38 226
0 33 184
0 49 219
1 41 184
0 41 223
0 56 234
1 33 200
1 44 190
0 40 202
0 48 213
0 45 205
0 53 208
1 29 171
0 59 246
0 54 208
0 36 187
1 36 205
0 46 217
1 34 179
0 63 231
0 27 173
0 61 196
0 49 214
