3.2 1286
3.97 1323
2.09 1127
2.12 1163
3.04 1345
3.49 1484
3.41 1459
3.69 1173
3.05 1180
2.19 918
3.32 1279
3.02 1237
3.1 1357
3.96 1308
2.12 806
1.95 1089
3.23 1287
2.48 1041
1.98 1398
3.05 1148
2.63 1273
3.52 1148
3.26 1300
2.99 1305
2.74 1179
3.66 1323
4.03 1402
2.48 1379
2.18 1250
3.99 1470
1.44 1294
3.06 928
3.82 1434
3.74 1287
3.12 1401
2.59 1271
1.98 1202
3.14 1236
3.41 1215
3.73 1461
3.82 1402
3.57 1172
2.99 1383
2.93 1307
3.05 1263
3.16 1395
3.1 1251
2.04 1077
2.61 1076
3.13 1257
2.4 1298
3.85 1478
3.24 1398
3.07 1368
2.91 1201
2.87 1291
2.8 1229
2.33 1114
3.35 1178
1.99 1143
3.65 1241
2.46 1128
2.48 1125
2.15 1149
2.93 1302
3.13 1279
2.75 1287
2.83 1352
2.31 1169
3.27 1276
3.73 1351
4.02 1494
3.02 1206
2.74 1340
3.62 1509
4.01 1385
3.05 1264
3.02 1274
2.5 1159
2.55 1181
2.58 1238
4.21 1500
2.95 1279
3.81 1100
2.7 1423
3.73 1145
3.88 1373
3.16 1268
3.48 1293
3.91 1348
2.13 1220
3.18 1134
2.62 1021
2.22 1145
2.41 1196
3.36 1225
2.79 1132
3.01 1237
2.81 1182
3.22 1202
2.62 1151
2.85 1280
2.21 1043
2.82 1265
4.12 1404
2.72 1328
3.87 1402
2.19 1238
3.56 990
3.52 1207
3.99 1463
2.7 1143
2.39 1219
3.6 1149
2.55 1446
2.64 1282
3.69 1401
3.21 1217
3.3 1461
3.13 1388
3.29 1206
2.29 955
2.52 1090
1.85 935
3.47 1297
2.45 1228
1.59 1069
2.07 1123
4.01 1311
2.93 1537
3.04 1390
3.89 1319
3.41 1371
2.3 1143
3.18 1220
3.56 1286
3.37 1115
1.93 1208
2.32 1238
2.6 986
3.54 1226
3.19 1200
2.65 1376
3.38 1163
3.68 1233
2.82 1150
3.39 1286
3.83 1277
2.93 1193
3.57 1368
2.82 1321
3.81 1216
3.76 1144
3.27 1258
3.48 1232
3.53 1392
3.37 1371
3.48 1298
2.66 1218
2.39 1387
3.57 1252
3.51 1284
2.56 1365
2.46 929
2.35 1112
3.31 1104
3.44 1209
2.79 1145
3.54 1259
3.37 1238
2.35 1332
2.9 1034
3.22 1086
4.16 1340
3.18 1225
2.06 1189
1.42 907
3.42 1426
3.41 1286
3.42 1370
2.65 1211
3.33 1111
3.09 1146
2.51 1206
3.16 1216
3.78 1371
4.05 1529
2.81 1128
3.12 1532
1.88 1169
3.71 1323
3.94 1384
2.4 1050
1.87 1140
2.66 1467
2.94 1176
2.98 1322
3.42 1368
2.18 1228
3.12 1322
2.56 1273
3.15 1371
3.88 1429
2.14 1044
2.47 1273
2.56 1088
3.86 1346
3.1 1081
2.87 1306
2.24 1403
2.99 1126
2.43 1185
2.95 1377
3.55 1142
3.16 1296
3.82 1600
3.3 1316
2.18 1320
3 1415
2.06 1011
3.05 1452
3.53 1485
2.62 1500
3.53 1345
2.08 1038
3.53 1379
3.26 1466
2.76 988
3.14 1102
2.11 1302
3.87 1248
4 1362
3.32 1371
3.09 1349
4.03 1418
3.45 1290
2.73 1313
2.71 1313
2.76 1236
2.97 1309
2.04 1271
2.53 967
2.93 1111
3.44 1422
2.15 1074
2.99 1368
2.53 1115
3.42 1314
3.74 1277
2.07 1129
2.69 1156
2.44 1275
2.38 1342
3.41 1217
3.47 1281
2.4 1127
2.35 1384
3.7 1389
2.51 1095
3.69 1556
3.33 1243
3.26 1190
2.57 1272
3.86 1460
4.18 1333
3.24 1340
3.47 1545
2.79 1256
2.09 990
3.13 1271
2.55 1073
3.35 1510
1.7 1232
3.77 1571
2.9 1134
1.98 1059
3.14 992
3.62 1282
3.18 1302
2.51 1224
2.55 1353
2.58 1328
2.83 1600
2.69 1156
2.45 1242
2.34 1043
2.95 1203
3.21 1219
3.13 1311
3.71 1334
2.59 1162
3.32 1282
3.67 1353
3.72 1217
3.43 1363
2.96 1213
3.19 1379
2.74 1343
3.78 1397
3.63 1350
3.29 1219
3.55 1265
3.55 1405
2.82 1266
3.27 1402
3.89 1206
3.75 1358
3.66 1283
2.13 1171
1.59 1158
2.52 1147
3.15 1317
3.24 1189
2.51 1395
3.28 1459
4.05 1421
1.75 1179
3.33 1058
3.27 1289
3 1449
2.93 1346
3.2 1433
2.71 1157
3.57 1248
3.29 1142
2.91 1265
3.61 1464
2.17 1218
2.58 1096
2.72 1342
3.12 1329
3.5 1382
2.59 1315
3.09 1369
4.05 1388
3.04 1404
3.02 1281
2.33 1238
3.53 1391
3.08 1328
1.96 1254
3.8 1370
2.39 1279
2.95 1292
3.38 1354
2.47 1288
3.45 1273
3.73 1299
3.4 1192
1.98 1200
2.9 1080
2.84 1295
2.57 1294
3.21 1558
2.69 1294
2.58 1153
3.14 1350
3.4 1270
3.66 1376
2.51 1110
1.88 1124
3.26 1344
3.17 1219
1.91 1106
3.71 1375
2.82 1086
2.51 1091
2.53 1197
2.42 1093
3.15 1532
4.14 1423
2.59 1137
3.26 1282
3.15 1107
3.11 1223
3.81 1380
2.56 1048
2.65 1326
2.34 1299
3.35 1318
2.19 1192
2.99 1328
3.66 1146
2.28 1152
1.57 1028
2.39 1124
3.08 1210
2.7 1259
2.43 1060
2.95 1206
2.92 1116
2.74 1302
3.11 1240
3.59 1302
3.07 1295
3.58 1402
3.85 1131
2.78 1395
2.58 1448
2.19 1150
3.91 1371
3.06 1213
2.02 1119
3.21 1294
3.41 1389
2.44 1358
2.26 1321
2.38 1016
2.47 1111
2.9 1003
3.73 1328
4.25 1385
3.59 1416
3.17 1213
2.74 880
3.76 1306
2.73 1227
2.75 1073
2.91 1509
3.29 1177
3.34 1358
2.48 1024
3.56 1336
3.09 1317
3.22 1237
3.13 1260
3.29 1313
3.24 1470
2.83 1328
3.34 1392
1.43 1293
3.81 1018
3.22 1362
2.54 1143
1.8 1242
3.49 1379
2.63 1280
2.75 1189
3.11 1179
2.6 1326
3.1 1316
2.78 1077
3.57 1453
3.27 1348
1.75 1107
2.87 1360
2.92 1229
2.3 1108
2.77 1095
3.9 1349
2.78 1343
3.5 1436
3.04 1374
2.35 1281
2.59 1163
2.76 1278
2.48 1191
2.97 1191
2.49 1074
3.6 1336
3.57 1231
3.43 1244
3.38 1233
2.97 1248
3.86 1414
2.66 1223
3.18 1339
3.67 1453
2.84 1232
3.32 1282
3.57 1332
1.85 1234
2.72 1170
3.78 1464
3.87 1539
3.53 1328
2.17 1158
2.44 1204
3.48 1277
2.63 1190
3.26 1320
2.33 1274
3.56 1352
3.45 1057
2.06 1346
2.94 1050
3.08 1277
1.49 1068
3.28 1269
3.1 1250
2.23 1232
3.69 1195
2.9 1054
2.82 1217
3.61 1340
3.83 1281
4.07 1286
2.27 1148
3.12 1219
4.06 1303
3.52 1259
1.96 1173
2.45 1072
2.89 1274
2.78 1243
2.44 1295
4.23 1445
2.79 1310
3.3 958
3.65 1223
4 1464
3.2 1203
3.72 1379
1.82 935
3.43 1551
3.36 1369
3.33 1358
2.7 1156
3.61 1498
2.56 1320
2.78 1145
2.89 1027
3.24 1176
3.65 1151
3.15 1259
2.59 1245
3.57 1307
3.56 1302
3.16 1209
3.06 1552
2.77 1358
3.18 1234
3.75 1411
3.51 1288
3.1 1210
3.43 1270
3.2 1095
3.62 1411
2.37 1244
2 914
2.74 1130
2.61 1131
3.19 1441
1.75 967
3.19 1174
3.85 1273
2.75 1210
3.48 1235
2.96 1196
2.52 1242
2.36 1266
3.82 1217
2.94 1046
3.18 1248
3.89 1282
2.71 1293
3.04 1331
3.34 1281
2.78 1232
1.86 1323
1.61 1017
4 1343
3.27 1450
2.93 985
4.05 1316
3.02 1069
3.02 1159
3.22 1197
3.46 1250
1.95 1068
3.02 1412
1.76 897
4.01 1181
1.85 1063
2.89 1190
3.23 1330
3.21 1122
1.65 1213
3.81 1334
3.44 1372
1.92 1123
2.94 1065
2.83 1115
2.85 1247
3.61 1270
4.15 1416
3.85 1505
4.02 1273
3.17 1538
3.29 1338
3.74 1327
3.14 1288
3.08 1132
2.86 1259
3.64 1584
2.93 1175
2.92 1315
2.78 1291
2.88 1312
2.15 1205
3.53 1389
2.49 1291
3.37 1368
3.3 1183
3.34 1377
2.62 1096
2.95 1237
2.01 950
3.41 1371
2.3 1410
3.34 1168
2.16 1153
3.23 1410
3.33 1115
2.98 1274
2.47 1445
3.08 1290
2.29 1333
3.03 1419
3.06 1131
3.46 1501
3.43 1473
3.17 1566
3.78 1375
2.77 1121
2.46 1250
4.06 1562
1.61 850
2.72 1051
1.99 1287
3.47 1200
3.55 1308
2.55 1278
3.21 1363
2.64 1251
3.03 1239
3.61 1418
3.62 1422
2.97 1261
2.22 1219
3.33 1426
2.34 944
2.79 1094
2.91 1359
3.81 1273
2.44 1302
3.08 1181
3.76 1355
2.71 1153
3.77 1333
3.84 1294
2.19 1245
3.87 1521
4.12 1302
2.91 1214
1.79 1054
3.84 1563
3.19 1328
1.34 955
3.17 1494
2.24 1112
4.03 1282
3.48 1381
3.24 1386
3.18 1213
3.38 1357
1.71 1334
1.87 1145
2.97 1096
2.23 1163
2.37 1052
3.15 1486
2.27 1300
2.3 1395
2.59 1096
1.63 1017
3.13 991
3.03 1211
2.81 1258
3.05 1289
3.14 1424
2.7 1343
3.21 1600
2.78 1167
2.38 1233
3.98 1239
3.44 1262
3.29 1229
3.03 1299
3.13 1264
2.83 1191
3.83 1343
3.71 1357
3.94 1243
2.96 1307
3.06 1225
2.86 1340
2.93 1366
3.23 1331
3.52 1336
2.04 1069
3.68 1281
2.72 1305
3.06 1295
2.49 1308
3.85 1201
2.95 1262
3.28 1238
2.35 1198
2.92 1318
3.71 1289
3 1299
2.5 1100
3.25 1484
2.82 1404
2.49 1234
3.2 1353
2.52 961
3.91 1366
3.1 1461
3.48 1412
3.53 1473
4.1 1323
3.36 1222
3.41 1156
3.42 1326
3.33 1431
1.99 1196
2.15 1045
3.1 1387
2.41 1243
2.98 1319
1.64 1201
3.47 1414
3.25 1292
3.06 1407
3.19 1302
2.72 1285
4.11 1461
3.34 1359
2.23 1287
3.28 1308
2.43 1284
2.73 1266
2.75 1278
3.7 1436
2.13 1114
3.19 1234
3.77 1237
3.49 1381
2.96 1087
3.67 1394
3.93 1457
3.47 1589
4 1452
3.37 1248
3.83 1433
3.39 1268
3.71 1382
2.8 1145
2.6 1211
3.65 1391
1.86 1062
2.88 1223
2.94 1283
3.41 1157
3.3 1186
3.61 1327
2.37 1087
3.59 1585
3.62 1360
2.46 1122
2.33 1170
2.78 1063
3.09 1221
2.38 1208
2.68 1063
2.44 1300
3.34 1419
2.58 1226
2.76 1261
2.97 1326
3.38 1112
1.75 1088
2.73 1167
2.55 1143
3.43 1252
3.44 1347
3.27 1161
3.42 1262
2.52 1068
3.4 1381
2.66 1186
3.9 1340
3.1 1298
3.66 1412
3.15 1047
2.95 1416
3.3 1534
2.78 1220
3.37 1307
2.14 1103
2.28 1150
2.64 1226
2.76 1311
2.88 1411
2.71 1375
3.27 1123
2.83 1154
2.84 996
3.83 1340
2.49 1174
2.87 1329
3.85 1295
3.23 939
2.81 1192
2.93 1251
2.82 1082
2.63 1476
2.49 1081
3.52 1379
3.61 1159
2.77 1241
1.98 1184
2.62 1165
3.21 1269
3.94 1391
3.36 1485
1.33 1148
2.66 1310
3.91 1591
1.95 795
3.39 1382
3.68 1280
3.35 1428
3.29 1355
2.94 1317
3.08 1229
2.9 1154
2.8 1350
3.36 1347
3.38 1149
3.6 1456
3.25 1345
2.77 1229
2.96 1371
2.78 1213
3.44 1245
1.42 933
2.24 1150
2.38 1295
3.55 1442
2.6 1321
1.82 1218
2.13 1108
2.97 1303
3.2 1277
3.52 1257
3.63 1211
2.55 1210
3.86 1266
2.58 1142
3.27 1220
3.12 1266
2.76 1282
2.27 1176
3.06 1325
2.02 1255
2.89 1238
2.59 1195
3.66 1343
3.86 1475
3.01 1205
3.06 1378
3.27 1467
4.01 1385
2.78 1232
3.24 1300
3.19 1242
1.43 1046
2.8 1264
3.69 1437
3.18 1306
4.08 1132
2.88 1444
2.76 1029
3.4 1316
2.11 1142
2.95 1230
2.87 1223
3.71 1410
2.5 1053
3.09 1077
3.21 1264
2.9 1255
2.75 1152
2.25 1067
1.95 1109
2.85 1187
3.59 1246
2.63 1152
3.02 1301
2.53 1082
3.43 1338
2.29 1184
3.57 1430
2.77 1270
3.1 1347
2.8 898
2.77 1117
3.43 1396
2.8 1155
3.71 1378
2.15 975
2.61 1453
3.49 1384
3.88 1424
2.84 1173
4.15 1563
3.33 1412
2.8 1147
2.83 1020
2.69 1110
2.88 1059
2.99 1239
3.4 1342
2.6 1190
3.21 1260
1.94 1063
2.83 1525
2.5 1325
2.77 1185
2.92 1312
3.63 1302
2.95 1192
2.43 1150
2.15 969
2.78 1310
1.6 1152
3.03 1038
1.41 970
3.39 1224
2.38 1344
2.99 1116
3.18 1173
3.29 1206
3.42 1290
2.68 1139
3.01 1202
3.4 1348
3.88 1448
3.39 1165
2.21 958
3.13 1242
2.55 1121
3.64 1405
3.97 1443
3.26 1272
3.18 1280
2.55 1406
2.08 1073
3.6 1295
2.11 1311
2.89 980
3.84 1290
2.64 1024
2.75 1127
3.16 1189
2.83 1174
3.27 1226
3.81 1507
1.77 898
3.24 1089
2.1 1093
1.36 1006
2.69 1265
3.46 1152
3.03 1379
2.2 1141
3.38 1365
2.28 1166
2.17 972
3.28 1169
2.22 1171
2.53 1141
3.79 1373
2.35 1325
3.26 1182
2.69 1480
1.84 1164
3.84 1339
3.41 1320
3.62 1197
3.44 1328
3.31 1545
3.29 1218
2.97 1321
2.71 1283
3.71 1412
3.59 1378
2.9 1314
3.62 1427
3.17 1344
2.6 1099
3.43 1388
3.48 1199
2.81 1220
3.22 1095
2.75 1292
3.4 1542
3.12 1142
3.29 1288
3.21 1408
3.7 1160
2.1 1169
3.15 1526
3.47 1336
2.89 1405
3.47 1472
3.3 1160
3.42 1496
1.69 1265
3.7 1600
2.74 1250
3.83 1248
3.35 1357
3.94 1548
3.38 1062
2.43 1017
3.25 1438
2.69 1107
2.17 1142
3.49 1391
3.61 1411
3.41 1343
3.57 1304
2.92 1336
2.85 1329
2.68 1226
3.66 1392
2.06 1274
3.39 1070
3.4 1167
3.08 1379
2.98 1173
3.3 1405
2.93 1163
3.18 1286
3.6 1260
2.46 1176
2.42 1124
2.74 1311
2.5 1356
2.94 1160
2.94 1217
3.2 1223
4.11 1595
2.3 1221
2.96 1149
4.03 1597
1.73 1051
2.38 1084
2.66 1283
3.08 1366
3.1 1203
2.47 1247
2.67 1449
3.54 1346
2.03 983
2.88 1241
3.21 1153
3.61 1541
2.96 1383
3.87 1583
2.27 1058
3.05 1188
1.14 752
1.47 1024
3.36 1324
3.23 1311
3.66 1486
2.9 1367
2.48 1600
2.55 1139
3.45 1362
3.51 1183
3.39 1256
2.33 1114
2.18 1197
1.84 1109
2.1 1103
3.19 1266
3.63 1348
2.91 1120
3.68 1393
3.55 1284
1.96 1232
2.69 1337
3.66 1383
3.8 1370
3.54 1249
3.68 1281
1.75 1189
3.2 1312
2.89 1356
3.04 1104
2.65 1226
2.62 1159
2.61 1229
3.98 1445
3.5 1264
3.1 1311
2.8 1136
2.18 1356
3.87 1530
2.44 1228
3.56 1396
3.61 1092
3.38 1303
1.62 1284
3.69 1438
3.31 1446
2.64 1148
2.99 1178
2.95 1101
3.28 1310
2.69 1354
3.1 1329
2.65 1105
2.72 1342
3.63 1390
3.79 1416
4.04 1489
3.7 1442
3.1 1274
2.51 1341
3.18 1301
3.04 1323
3.38 1373
3.28 1352
3.41 1428
3.21 1299
3.35 1394
2.17 1199
3.13 1324
2.19 1254
3.23 1246
2.59 1162
3.14 1161
3.95 1436
3.05 1098
3.46 1369
2.33 1265
3.35 1574
3.39 1378
1.85 1065
3.83 1433
3.61 1295
2.89 1284
2.54 1113
2.81 1236
3.04 1318
3.39 1245
3.14 1254
3.52 1352
2.74 1076
3.82 1248
2.03 1137
3.58 1232
3.14 1531
4.11 1419
3.55 1253
2.74 1219
2.21 995
2.99 1209
1.33 1082
2.6 1053
2.92 1358
2.98 1376
2.96 1271
3.23 1317
2.46 1265
3.27 1099
2.72 1204
3.2 1223
1.56 1024
3.47 1257
1.69 1137
2.48 1066
3.09 1223
3.03 1129
3.26 1364
3.32 1265
3.23 1259
2.64 1243
3.15 1350
2.76 1001
2.49 1361
2.99 1497
1.5 1067
